accuracy: 0.6451612903225806
precision: 0.5789473684210527
recall: 0.7857142857142857
F1: 0.6666666666666667