accuracy: 0.7741935483870968
precision: 0.6842105263157895
recall: 0.9285714285714286
F1: 0.7878787878787878