accuracy: 0.8064516129032258
precision: 0.7
recall: 1.0
F1: 0.8235294117647058