accuracy: 0.7741935483870968
precision: 0.6666666666666666
recall: 1.0
F1: 0.8